!------------------------------------------------------------------------
!Trucks: total #, capacity, cost per distance, fixcost
6,250,1,0
!------------------------------------------------------------------------
!CityFreighters: max cf/sat, total#, cap, cost/dist, fixcost, maxCharge, energyConsumption
10,10,125,1,0,1000,1
!------------------------------------------------------------------------
!Stores: first: depot x, y; then: satellites x,y,handlingCost,maxCap,fixCost
300,0   1913,443,0.0,1000,0   1219,926,0.0,1000,0   608,792,0.0,1000,0   1816,280,0.0,1000,0
!------------------------------------------------------------------------
!Customers: x,y,demand
623,450,10   281,390,29   884,287,9   1629,573,29   974,731,8   529,469,12   1551,495,8   1351,754,3   602,631,10   898,367,3   1699,559,21   378,609,17   370,498,3   469,445,17   1184,511,12   495,516,8   1495,720,6   530,438,28   981,779,7   510,736,25   361,612,10   1250,678,25   756,555,10   800,283,3   490,577,16   461,372,20   654,765,15   1709,537,25   440,471,27   571,333,21   1234,454,25   1631,401,20   598,321,13   1653,656,20   913,741,8   1356,482,28   1699,452,29   484,331,9   1148,231,7   1454,444,24   1784,634,11   1304,192,12   1100,315,12   1382,546,17   1638,743,29   633,80,29   1600,703,24   1675,196,3   1892,642,20   1161,242,23
!------------------------------------------------------------------------
!Recharging stations: x,y
300,0   1913,443   1219,926   608,792   1816,280   1120,355   857,292   1951,593   934,802   1543,499   446,556   1631,279   618,418   876,562   1684,653   179,492   1561,414   220,579   881,173   364,870   1589,151   1300,690   1699,338   1107,831   125,616   1222,262   536,286   1214,623   381,712   1673,507
