!------------------------------------------------------------------------
!Trucks: total #, capacity, cost per distance, fixcost
6,250,1,0
!------------------------------------------------------------------------
!CityFreighters: max cf/sat, total#, cap, cost/dist, fixcost, maxCharge, energyConsumption
10,10,125,1,0,1000,1
!------------------------------------------------------------------------
!Stores: first: depot x, y; then: satellites x,y,handlingCost,maxCap,fixCost
300,0   1258,707,0.0,1000,0   742,378,0.0,1000,0   174,458,0.0,1000,0   1537,247,0.0,1000,0
!------------------------------------------------------------------------
!Customers: x,y,demand
1078,257,15   918,628,27   381,345,29   816,329,22   799,696,8   423,464,10   1346,338,25   844,755,4   1010,342,6   825,749,29   873,553,22   1364,513,29   582,247,10   202,518,18   919,267,22   1686,510,4   1105,394,23   569,729,20   660,568,20   1089,463,7   489,348,24   644,327,9   517,331,4   420,358,16   1669,384,22   394,671,10   1266,371,26   1260,399,28   1148,529,24   1161,311,13   1216,736,4   1065,715,5   1540,609,23   543,522,6   567,444,13   904,516,22   1716,406,6   460,677,18   1277,456,22   921,466,12   1801,385,27   197,438,21   1520,513,12   866,783,25   939,892,22   1033,424,29   535,761,10   1986,442,10   664,627,3   1583,153,25
!------------------------------------------------------------------------
!Recharging stations: x,y
300,0   1258,707   742,378   174,458   1537,247   934,581   1805,572   524,736   1767,528   1779,612
