!------------------------------------------------------------------------
!Trucks: total #, capacity, cost per distance, fixcost
6,250,1,0
!------------------------------------------------------------------------
!CityFreighters: max cf/sat, total#, cap, cost/dist, fixcost, maxCharge, energyConsumption
10,10,125,1,0,1000,1
!------------------------------------------------------------------------
!Stores: first: depot x, y; then: satellites x,y,handlingCost,maxCap,fixCost
300,0   1659,775,0.0,1000,0   808,901,0.0,1000,0   1591,509,0.0,1000,0   392,464,0.0,1000,0
!------------------------------------------------------------------------
!Customers: x,y,demand
792,282,11   1380,598,3   618,441,29   1553,584,13   998,533,4   1244,774,6   884,770,19   1080,404,6   481,409,16   664,358,29   1498,576,26   1652,651,22   622,687,23   900,495,19   719,221,10   579,264,11   1361,307,10   365,366,21   1258,562,20   1600,540,13   560,562,15   382,682,14   1757,481,28   1129,555,13   1358,384,14   1222,388,22   447,529,25   986,327,10   1488,332,16   303,614,7   322,547,6   1167,396,19   1210,425,22   1031,395,23   829,439,14   1062,223,29   1714,373,20   1083,289,6   675,307,9   985,532,12   1507,186,27   1645,498,21   560,830,29   46,552,28   98,507,12   1372,399,23   202,283,18   1186,634,22   764,580,6   1628,760,25
!------------------------------------------------------------------------
!Recharging stations: x,y
300,0   1659,775   808,901   1591,509   392,464   1757,423   1107,6   1049,303   1705,574   1363,190   1397,760   456,754   119,636   897,432   1297,408   289,574   617,747   1580,499   1489,401   328,706   1562,584   1735,269   1433,279   1597,283   189,504   373,532   344,294   1839,550   376,556   528,487   1684,442   924,734   1316,186   928,708   796,645   1617,506   247,338   218,460   183,589   1315,422   1419,726   608,830   820,290   1787,544   12,550
