!------------------------------------------------------------------------
!Trucks: total #, capacity, cost per distance, fixcost
6,250,1,0
!------------------------------------------------------------------------
!CityFreighters: max cf/sat, total#, cap, cost/dist, fixcost, maxCharge, energyConsumption
10,10,125,1,0,1000,1
!------------------------------------------------------------------------
!Stores: first: depot x, y; then: satellites x,y,handlingCost,maxCap,fixCost
300,0   54,456,0.0,1000,0   164,276,0.0,1000,0   1745,570,0.0,1000,0   1076,323,0.0,1000,0
!------------------------------------------------------------------------
!Customers: x,y,demand
1267,379,15   588,332,25   359,385,20   1711,446,21   1748,553,14   501,610,4   743,356,4   1253,700,20   212,516,11   817,431,25   473,323,12   884,530,20   319,527,29   1013,202,12   666,690,7   1380,521,10   1542,585,17   218,469,18   1642,509,17   1370,431,25   1398,390,15   1556,315,11   294,594,4   350,659,5   446,593,14   1467,397,23   205,524,8   790,276,27   364,353,18   1157,436,21   254,501,28   1672,607,20   1391,587,26   1096,593,4   1335,471,6   1178,614,23   662,563,13   956,365,21   1175,619,22   1492,323,24   1622,680,5   254,287,26   1860,336,17   1588,369,10   1199,247,5   885,670,11   108,629,6   1456,199,9   599,646,12   384,157,5
!------------------------------------------------------------------------
!Recharging stations: x,y
300,0   54,456   164,276   1745,570   1076,323   895,312   1052,600   1666,701   1481,567   588,510   226,568   243,479   1265,205   1665,402   160,494   955,546   269,603   1421,693   639,189   1800,542   949,499   336,352   768,838   1590,129   266,356
