!------------------------------------------------------------------------
!Trucks: total #, capacity, cost per distance, fixcost
6,250,1,0
!------------------------------------------------------------------------
!CityFreighters: max cf/sat, total#, cap, cost/dist, fixcost, maxCharge, energyConsumption
10,10,125,1,0,1000,1
!------------------------------------------------------------------------
!Stores: first: depot x, y; then: satellites x,y,handlingCost,maxCap,fixCost
300,0   674,747,0.0,1000,0   1212,82,0.0,1000,0   1820,396,0.0,1000,0   146,610,0.0,1000,0
!------------------------------------------------------------------------
!Customers: x,y,demand
780,646,22   711,230,24   573,491,16   466,713,9   580,515,15   785,684,29   1798,482,16   1254,401,11   1267,503,24   1692,387,19   1346,517,24   1640,434,7   952,712,29   300,610,19   735,309,5   1201,417,19   912,561,22   682,725,16   556,373,21   437,502,15   1244,258,8   346,373,24   1686,512,24   1612,372,12   1369,252,28   869,647,3   1517,668,12   875,666,6   421,332,19   1487,492,10   734,421,8   555,624,25   1791,481,20   1089,427,3   1529,435,24   320,416,21   1670,625,8   512,609,22   1644,378,28   1538,497,23   1697,615,20   106,330,22   1565,227,18   607,835,17   1837,538,13   1511,654,22   988,57,7   1437,655,29   833,230,18   741,20,25
!------------------------------------------------------------------------
!Recharging stations: x,y
300,0   674,747   1212,82   1820,396   146,610   594,208   900,186   1024,417   1145,426   1792,477   576,776   239,630   1713,323   1471,501   1667,668
