!------------------------------------------------------------------------
!Trucks: total #, capacity, cost per distance, fixcost
6,250,1,0
!------------------------------------------------------------------------
!CityFreighters: max cf/sat, total#, cap, cost/dist, fixcost, maxCharge, energyConsumption
10,10,125,1,0,1000,1
!------------------------------------------------------------------------
!Stores: first: depot x, y; then: satellites x,y,handlingCost,maxCap,fixCost
300,0   1653,568,0.0,1000,0   1871,320,0.0,1000,0   1234,686,0.0,1000,0   279,699,0.0,1000,0
!------------------------------------------------------------------------
!Customers: x,y,demand
1227,755,3   1781,476,27   1051,385,9   366,540,25   801,289,7   1193,317,10   1060,468,29   982,744,6   590,349,21   679,272,25   810,399,7   977,713,16   934,265,11   458,492,21   1554,663,27   460,405,13   1375,264,19   784,295,7   1185,262,17   852,774,19   205,510,9   917,244,5   1339,726,18   1557,371,24   1252,738,16   1173,621,29   1636,352,28   1435,523,26   441,334,8   237,572,3   321,577,12   1428,570,29   1536,287,20   794,332,27   1623,523,29   203,497,12   461,697,25   439,477,10   1354,714,20   1710,494,14   638,433,11   1594,622,25   1350,165,5   1664,507,10   695,739,14   1215,830,24   1584,213,27   318,339,20   1588,508,22   138,336,19
!------------------------------------------------------------------------
!Recharging stations: x,y
300,0   1653,568   1871,320   1234,686   279,699   661,466   1714,350
