!------------------------------------------------------------------------
!Trucks: total #, capacity, cost per distance, fixcost
6,250,1,0
!------------------------------------------------------------------------
!CityFreighters: max cf/sat, total#, cap, cost/dist, fixcost, maxCharge, energyConsumption
10,10,125,1,0,1000,1
!------------------------------------------------------------------------
!Stores: first: depot x, y; then: satellites x,y,handlingCost,maxCap,fixCost
300,0   14,516,0.0,1000,0   900,857,0.0,1000,0   226,729,0.0,1000,0   1523,387,0.0,1000,0
!------------------------------------------------------------------------
!Customers: x,y,demand
1319,462,5   1081,616,7   450,560,7   744,686,25   227,439,18   1544,529,20   1075,473,18   1297,233,19   904,687,29   643,611,27   1565,665,29   1065,333,29   1500,324,11   1432,354,22   853,713,19   302,509,13   1286,463,28   981,764,6   211,508,22   1151,357,4   780,320,5   1193,762,21   1067,379,8   282,420,18   469,601,3   1506,342,19   1686,616,7   1629,594,7   1703,469,9   1456,503,7   1129,307,8   1160,338,15   361,615,15   1119,208,16   412,308,11   1528,661,5   1697,511,18   1184,516,3   1284,408,22   1645,510,27   1502,365,9   200,285,12   1168,618,5   1228,143,27   887,54,19   934,389,18   118,716,4   1557,122,26   1865,539,5   0,500,7
!------------------------------------------------------------------------
!Recharging stations: x,y
300,0   14,516   900,857   226,729   1523,387   1473,232   516,325   1556,602   321,460   1133,641   162,451   212,453   1307,759   289,677   766,685   600,305   832,269   336,217   247,557   405,277   1381,107   1851,680   1374,251   806,514   199,418   1579,586   1087,211   1822,438   391,715   501,262   415,479   739,625   933,78   729,741   1120,399   1273,548   758,717   1279,648   1813,549   1552,450   1087,846   1163,348   359,559   1526,539   1620,369
