!------------------------------------------------------------------------
!Trucks: total #, capacity, cost per distance, fixcost
6,250,1,0
!------------------------------------------------------------------------
!CityFreighters: max cf/sat, total#, cap, cost/dist, fixcost, maxCharge, energyConsumption
10,10,125,1,0,1000,1
!------------------------------------------------------------------------
!Stores: first: depot x, y; then: satellites x,y,handlingCost,maxCap,fixCost
300,0   341,811,0.0,1000,0   468,469,0.0,1000,0   1903,681,0.0,1000,0   1739,317,0.0,1000,0
!------------------------------------------------------------------------
!Customers: x,y,demand
1457,621,29   1369,514,15   450,294,18   1201,625,4   303,393,10   626,373,9   986,751,21   1687,572,6   807,535,17   957,602,7   1341,466,14   868,335,19   1477,427,3   1710,513,7   297,516,18   1566,595,15   982,373,19   602,560,12   1018,575,17   681,511,19   390,389,12   1717,407,3   812,728,4   1482,411,11   1121,230,9   724,609,5   732,543,7   1701,427,5   1429,411,26   1580,334,6   1542,363,4   446,356,26   1325,511,28   1040,543,14   839,762,10   826,427,25   1622,535,18   1205,493,22   1756,487,13   1757,458,13   1205,634,26   968,82,17   552,907,29   933,725,11   1702,535,16   1374,356,9   1225,149,10   1029,837,20   894,84,23   210,630,15
!------------------------------------------------------------------------
!Recharging stations: x,y
300,0   341,811   468,469   1903,681   1739,317   848,592   1099,507   911,413   213,615   548,783   383,254   565,713   1717,496   1501,750   472,394   835,532   1065,724   1063,755   378,567   1418,245   1695,575   395,552   357,294   1675,329   1330,785   1592,275   407,405   708,223   1708,690   804,641   317,476   665,615   339,304   1555,756   1401,382   1686,700   1184,629   1833,489   369,619   1271,819   1276,43   1300,584   608,577   354,412   1136,359
