!------------------------------------------------------------------------
!Trucks: total #, capacity, cost per distance, fixcost
6,250,1,0
!------------------------------------------------------------------------
!CityFreighters: max cf/sat, total#, cap, cost/dist, fixcost, maxCharge, energyConsumption
10,10,125,1,0,1000,1
!------------------------------------------------------------------------
!Stores: first: depot x, y; then: satellites x,y,handlingCost,maxCap,fixCost
300,0   1314,650,0.0,1000,0   548,85,0.0,1000,0   70,356,0.0,1000,0   844,731,0.0,1000,0
!------------------------------------------------------------------------
!Customers: x,y,demand
1140,489,22   1210,344,10   283,552,7   1743,579,11   660,253,15   808,679,4   288,610,3   1320,570,10   984,331,29   1198,680,17   1390,344,18   1427,604,7   1264,777,19   1192,450,16   1350,439,21   890,676,22   1265,750,17   1488,311,23   1676,533,17   232,547,26   1548,424,16   1087,469,19   577,324,11   200,500,25   1621,484,11   1585,514,27   457,347,10   1507,592,12   316,368,13   512,602,9   1445,645,28   805,561,5   342,511,23   1639,556,18   825,343,7   1751,499,18   1684,637,18   1472,666,8   1094,424,11   1701,426,18   1345,660,19   878,16,28   216,792,7   961,798,21   1184,801,12   1274,186,22   928,905,19   1061,989,25   474,471,11   248,292,11
!------------------------------------------------------------------------
!Recharging stations: x,y
300,0   1314,650   548,85   70,356   844,731   273,357   372,710   1529,261
