!------------------------------------------------------------------------
!Trucks: total #, capacity, cost per distance, fixcost
6,250,1,0
!------------------------------------------------------------------------
!CityFreighters: max cf/sat, total#, cap, cost/dist, fixcost, maxCharge, energyConsumption
10,10,125,1,0,1000,1
!------------------------------------------------------------------------
!Stores: first: depot x, y; then: satellites x,y,handlingCost,maxCap,fixCost
300,0   202,728,0.0,1000,0   890,151,0.0,1000,0   513,786,0.0,1000,0   1784,582,0.0,1000,0
!------------------------------------------------------------------------
!Customers: x,y,demand
1750,415,9   841,486,16   899,411,18   388,556,12   393,583,29   839,230,24   643,498,20   337,493,29   999,763,12   1500,311,15   963,247,4   798,280,29   577,520,6   1797,503,9   677,431,16   824,704,7   459,457,24   1114,683,29   619,594,18   1160,259,7   1047,255,26   343,365,6   441,433,9   473,433,12   407,687,26   790,432,16   1297,414,19   405,375,3   1439,389,25   594,417,9   341,609,23   775,660,11   352,634,22   357,638,10   1159,427,3   281,607,27   1068,421,25   905,634,14   1419,319,20   1686,485,28   944,857,27   1666,342,10   1434,829,9   1057,640,13   364,687,25   409,496,20   1720,468,29   1379,702,24   1772,212,16   1585,896,7
!------------------------------------------------------------------------
!Recharging stations: x,y
300,0   202,728   890,151   513,786   1784,582   448,468   986,218   351,644   341,622   717,273
