!------------------------------------------------------------------------
!Trucks: total #, capacity, cost per distance, fixcost
6,250,1,0
!------------------------------------------------------------------------
!CityFreighters: max cf/sat, total#, cap, cost/dist, fixcost, maxCharge, energyConsumption
10,10,125,1,0,1000,1
!------------------------------------------------------------------------
!Stores: first: depot x, y; then: satellites x,y,handlingCost,maxCap,fixCost
300,0   732,403,0.0,1000,0   1811,773,0.0,1000,0   1333,923,0.0,1000,0   292,524,0.0,1000,0
!------------------------------------------------------------------------
!Customers: x,y,demand
272,537,9   717,464,19   753,610,16   1518,502,16   1131,684,12   276,491,14   1242,541,20   1422,645,20   1749,415,25   841,499,16   557,543,10   522,388,24   1258,718,12   1072,451,15   1490,350,18   1141,314,12   484,494,10   428,624,18   342,653,23   578,526,22   1372,269,7   830,523,4   482,297,5   1602,373,29   1486,588,10   649,414,25   1025,382,17   1065,439,14   660,685,6   656,350,16   989,787,23   905,667,8   1641,625,25   438,562,7   769,310,22   1748,516,26   487,628,16   572,723,10   216,479,6   798,595,22   1297,866,28   1021,106,11   1523,174,3   31,431,20   1776,656,3   1660,243,24   1965,617,14   284,442,8   312,522,25   467,589,20
!------------------------------------------------------------------------
!Recharging stations: x,y
300,0   732,403   1811,773   1333,923   292,524   532,607   1579,633   1365,729   1029,248   1581,368
