C101

VEHICLE
NUMBER     CAPACITY
  25         200

CUSTOMER
CUST NO.  XCOORD.   YCOORD.    DEMAND   READY TIME  DUE DATE   SERVICE   TIME
 
    0      40         50          0          0       1236          0    
   31      10         35         20        200        237         90   
   32      10         40         30         31        100         90   
   33       8         40         40         87        158         90   
   34       8         45         20        751        816         90   
   35       5         35         10        283        344         90   
   36       5         45         10        665        716         90   
   37       2         40         20        383        434         90   
   38       0         40         30        479        522         90   
   39       0         45         20        567        624         90   
   53      44          5         20        286        347         90   
   54      42         10         40        186        257         90   
   55      42         15         10         95        158         90   
   56      40          5         30        385        436         90   
   57      40         15         40         35         87         90   
   58      38          5         30        471        534         90   
   59      38         15         10        651        740         90   
   60      35          5         20        562        629         90   
   82      75         55         20        369        420         90   
   83      72         55         10        265        338         90   
   84      70         58         20        458        523         90   
   85      68         60         30        555        612         90   
   86      66         55         10        173        238         90   
   87      65         55         20         85        144         90   
   88      65         60         30        645        708         90   
   89      63         58         10        737        802         90   
   90      60         55         10         20         84         90   
   91      60         60         10        836        889         90   
