C102

VEHICLE
NUMBER     CAPACITY
  25         200

CUSTOMER
CUST NO.  XCOORD.   YCOORD.    DEMAND   READY TIME  DUE DATE   SERVICE   TIME
   
    0      40         50          0          0       1236          0   
   31      10         35         20          0       1112         90   
   32      10         40         30         31        100         90   
   33       8         40         40         87        158         90   
   34       8         45         20          0       1113         90   
   35       5         35         10        283        344         90   
   36       5         45         10        665        716         90   
   37       2         40         20          0       1106         90   
   38       0         40         30        479        522         90   
   39       0         45         20        567        624         90   
   53      44          5         20        286        347         90   
   54      42         10         40        186        257         90   
   55      42         15         10         95        158         90   
   56      40          5         30        385        436         90   
   57      40         15         40         35         87         90   
   58      38          5         30        471        534         90   
   59      38         15         10          0       1110         90   
   60      35          5         20        562        629         90   
   61      50         30         10        531        610         90   
   62      50         35         20        262        317         90   
   63      50         40         50        171        218         90   
   64      48         30         10        632        693         90   
   65      48         40         10         76        129         90   
   66      47         35         10        826        875         90   
   67      47         40         10         12         77         90   
   68      45         30         10        734        777         90   
   69      45         35         10        916        969         90   
   70      95         30         30        387        456         90   
   71      95         35         20        293        360         90   
   72      53         30         10          0       1122         90   
   73      92         30         10        478        551         90   
   74      53         35         50        353        412         90   
   76      90         35         10        203        260         90   
   77      88         30         10        574        643         90   
   78      88         35         20        109        170         90   
   79      87         30         10        668        731         90   
   80      85         25         10        769        820         90   
   81      85         35         30         47        124         90   
   92      67         85         20        368        441         90   
   93      65         85         40        475        518         90   
   94      65         82         10          0       1105         90   
   95      62         80         30          0       1108         90   
   96      60         80         10          0       1109         90   
   97      60         85         30        561        622         90   
   98      58         75         20          0       1115         90   
   99      55         80         10        743        820         90   
  100      55         85         20        647        726         90   
