!------------------------------------------------------------------------
!Trucks: total #, capacity, cost per distance, fixcost
6,250,1,0
!------------------------------------------------------------------------
!CityFreighters: max cf/sat, total#, cap, cost/dist, fixcost, maxCharge, energyConsumption
10,10,125,1,0,1500,1
!------------------------------------------------------------------------
!Stores: first: depot x, y; then: satellites x,y,handlingCost,maxCap,fixCost
300,0   737,750,0.0,1000,0   1403,735,0.0,1000,0   1207,746,0.0,1000,0   214,536,0.0,1000,0
!------------------------------------------------------------------------
!Customers: x,y,demand
381,672,25   235,448,15   1527,689,11   991,692,10   1381,463,24   1331,325,10   280,463,3   1649,482,20   1251,279,18   772,424,19   601,399,5   826,529,15   530,700,4   1347,369,20   358,653,26   1456,310,20   432,545,11   308,637,10   715,262,27   870,441,5   1624,425,17   253,551,5   630,527,19   1106,459,12   968,772,26   993,689,13   242,444,28   1479,590,20   1436,406,20   516,737,26   1581,667,26   1019,358,16   1616,672,13   557,378,18   1394,537,22   1601,345,21   769,350,14   1790,485,17   814,743,26   399,364,29   835,490,8   533,911,20   630,548,10   1296,446,14   1428,556,6   278,269,6   646,530,3   1658,532,14   470,622,19   1838,751,9
!------------------------------------------------------------------------
!Recharging stations: x,y
300,0   737,750   1403,735   1207,746   214,536   1130,505   1578,314   1186,382   970,162   665,917   1713,789   37,542   1171,701   275,335   1325,207   585,786   855,801   517,331   1820,216   1356,325   756,278   383,615   1193,217   485,339   559,431

