!------------------------------------------------------------------------
!Trucks: total #, capacity, cost per distance, fixcost
6,250,1,0
!------------------------------------------------------------------------
!CityFreighters: max cf/sat, total#, cap, cost/dist, fixcost, maxCharge, energyConsumption
10,10,125,1,0,1700,1
!------------------------------------------------------------------------
!Stores: first: depot x, y; then: satellites x,y,handlingCost,maxCap,fixCost
300,0   1002,917,0.0,1000,0   103,601,0.0,1000,0   426,696,0.0,1000,0   614,98,0.0,1000,0
!------------------------------------------------------------------------
!Customers: x,y,demand
1347,608,18   411,612,7   852,558,4   953,749,6   1328,600,27   1203,628,12   1401,354,21   1587,324,13   1522,633,5   1253,424,10   1024,672,8   1337,743,13   940,357,5   1311,642,16   1695,558,28   585,586,19   1061,582,14   940,546,5   1386,509,26   510,434,26   1343,701,4   1721,609,23   1493,580,10   918,642,29   320,576,23   851,720,19   437,347,18   1773,549,8   587,656,18   1318,469,25   1086,232,6   959,214,19   359,442,5   702,558,21   1732,412,22   809,732,25   1590,695,8   649,476,11   1725,509,24   552,397,18   1414,63,24   1994,533,3   453,407,9   1327,714,27   1354,537,18   1919,563,3   416,212,17   1372,201,23   1665,798,28   1051,387,24
!------------------------------------------------------------------------
!Recharging stations: x,y
300,0   1002,917   103,601   426,696   614,98   1498,536   1333,640   1301,579   1751,599   1842,499   1007,805   1591,542   917,770   1495,365   101,677   925,760   1295,746   499,651   511,538   1266,703   804,818   170,509   979,253   171,427   253,647

