!------------------------------------------------------------------------
!Trucks: total #, capacity, cost per distance, fixcost
6,250,1,0
!------------------------------------------------------------------------
!CityFreighters: max cf/sat, total#, cap, cost/dist, fixcost, maxCharge, energyConsumption
10,10,125,1,0,1700,1
!------------------------------------------------------------------------
!Stores: first: depot x, y; then: satellites x,y,handlingCost,maxCap,fixCost
300,0   1056,693,0.0,1000,0   103,661,0.0,1000,0   114,485,0.0,1000,0   1304,808,0.0,1000,0
!------------------------------------------------------------------------
!Customers: x,y,demand
1163,500,29   1367,493,17   1485,607,26   1714,389,16   1141,670,10   342,564,29   881,394,10   363,652,13   1144,739,20   262,395,5   1289,387,5   1060,256,28   1137,712,4   877,554,6   387,602,17   499,280,28   735,489,9   1138,223,5   1773,517,24   463,646,22   225,513,28   987,328,14   1718,618,10   527,297,15   1653,580,26   847,769,3   429,548,20   745,448,19   1593,500,3   469,718,18   1343,759,21   1460,507,4   1261,735,24   722,686,29   1404,478,14   677,632,22   1007,383,4   461,675,26   1362,527,13   980,486,3   644,679,20   406,154,21   1111,292,15   367,807,6   285,608,27   849,557,29   394,411,29   637,836,17   462,155,6   334,751,11
!------------------------------------------------------------------------
!Recharging stations: x,y
300,0   1056,693   103,661   114,485   1304,808   1615,737   1344,598   1012,905   103,417   1523,354   1299,814   158,541   567,722   1701,635   976,253   845,391   1608,700   459,496   1691,557   973,187   558,529   701,686   1708,812   514,389   271,327
