!------------------------------------------------------------------------
!Trucks: total #, capacity, cost per distance, fixcost
6,250,1,0
!------------------------------------------------------------------------
!CityFreighters: max cf/sat, total#, cap, cost/dist, fixcost, maxCharge, energyConsumption
10,10,125,1,0,900,1
!------------------------------------------------------------------------
!Stores: first: depot x, y; then: satellites x,y,handlingCost,maxCap,fixCost
300,0   1104,923,0.0,1000,0   265,570,0.0,1000,0   1281,290,0.0,1000,0   997,241,0.0,1000,0
!------------------------------------------------------------------------
!Customers: x,y,demand
1080,593,8   1753,528,17   445,400,22   812,373,17   1472,533,8   533,449,11   1500,396,28   783,520,8   447,670,25   1673,643,11   295,397,24   674,443,18   293,545,25   941,487,4   1501,317,16   1263,474,8   1796,478,13   219,495,6   352,509,19   1628,651,7   1419,708,29   1547,410,3   688,719,13   244,550,27   1548,575,8   1494,578,22   1582,371,13   1183,560,28   1142,241,24   1203,670,19   1177,440,12   549,720,22   1499,389,22   1019,209,10   1299,607,28   1198,224,16   1770,470,19   1127,515,22   603,584,8   1027,603,15   1772,355,3   744,204,11   1723,488,5   933,674,23   1154,645,17   1093,727,27   1683,195,24   220,563,6   1524,784,22   1407,661,7
!------------------------------------------------------------------------
!Recharging stations: x,y
300,0   1104,923   265,570   1281,290   997,241   1508,355   1486,550   368,875   1766,541   1717,671   1244,246   1438,333   1269,613   1833,520   535,532   1338,766   189,400   1131,503   554,230   374,386   1411,747   282,613   789,370   457,537   1796,516

