!------------------------------------------------------------------------
!Trucks: total #, capacity, cost per distance, fixcost
6,250,1,0
!------------------------------------------------------------------------
!CityFreighters: max cf/sat, total#, cap, cost/dist, fixcost, maxCharge, energyConsumption
10,10,125,1,0,1400,1
!------------------------------------------------------------------------
!Stores: first: depot x, y; then: satellites x,y,handlingCost,maxCap,fixCost
300,0   19,412,0.0,1000,0   1569,459,0.0,1000,0   942,291,0.0,1000,0   915,886,0.0,1000,0
!------------------------------------------------------------------------
!Customers: x,y,demand
351,600,3   1478,561,13   343,526,13   1430,715,15   1180,363,24   1694,455,24   729,716,24   1431,751,7   1121,679,13   1730,487,7   1011,611,13   936,759,3   566,574,25   1375,345,29   1404,295,8   1157,552,18   1088,740,15   1156,345,28   297,560,11   335,368,23   455,416,20   1569,399,25   1106,454,25   1026,309,25   1712,607,26   1667,468,18   1326,541,21   446,474,16   1027,276,15   601,343,28   1234,725,12   577,344,24   997,505,28   689,655,11   820,475,7   1386,363,12   1374,619,28   634,766,17   1069,762,11   1463,514,9   380,752,20   267,433,22   697,595,6   367,732,27   757,20,16   289,398,16   1696,780,24   1568,507,9   728,52,28   708,701,21
!------------------------------------------------------------------------
!Recharging stations: x,y
300,0   19,412   1569,459   942,291   915,886   472,502   1451,479   700,699   1437,418   1166,164   1531,323   568,226   1411,440   1451,451   320,860   1059,540   864,669   1521,408   1604,357   1541,246   1630,431   1036,722   761,47   868,333   249,687

