!------------------------------------------------------------------------
!Trucks: total #, capacity, cost per distance, fixcost
6,250,1,0
!------------------------------------------------------------------------
!CityFreighters: max cf/sat, total#, cap, cost/dist, fixcost, maxCharge, energyConsumption
10,10,125,1,0,800,1
!------------------------------------------------------------------------
!Stores: first: depot x, y; then: satellites x,y,handlingCost,maxCap,fixCost
300,0   1982,476,0.0,1000,0   985,805,0.0,1000,0   1474,624,0.0,1000,0   1117,188,0.0,1000,0
!------------------------------------------------------------------------
!Customers: x,y,demand
615,600,27   1511,329,23   1782,526,8   509,649,9   450,391,4   1103,297,6   1090,759,8   1777,471,16   503,585,9   991,253,27   236,534,13   1027,793,24   1206,221,6   1774,556,7   500,471,22   220,533,17   270,402,22   370,540,17   248,532,7   1473,452,19   1005,700,6   1218,251,4   1461,480,29   729,658,4   1377,537,25   1747,396,8   524,662,7   490,273,19   217,544,6   445,318,24   1401,748,23   858,647,16   1700,356,25   1207,342,12   924,339,5   1074,619,25   1391,295,26   789,284,18   884,539,16   277,552,23   1234,712,29   1048,910,5   1718,576,27   629,161,16   363,216,5   1205,170,29   993,642,8   1381,476,7   1648,835,20   1243,138,19
!------------------------------------------------------------------------
!Recharging stations: x,y
300,0   1982,476   985,805   1474,624   1117,188   470,426   1269,663   687,469   521,365   1752,431   808,433   718,386   674,489   539,450   698,349   1401,422   1427,512   467,422   1207,579   91,480   1482,486   1531,472   1263,685   1496,216   586,610

