!------------------------------------------------------------------------
!Trucks: total #, capacity, cost per distance, fixcost
6,250,1,0
!------------------------------------------------------------------------
!CityFreighters: max cf/sat, total#, cap, cost/dist, fixcost, maxCharge, energyConsumption
10,10,125,1,0,1600,1
!------------------------------------------------------------------------
!Stores: first: depot x, y; then: satellites x,y,handlingCost,maxCap,fixCost
300,0   1680,198,0.0,1000,0   1105,702,0.0,1000,0   1469,679,0.0,1000,0   967,345,0.0,1000,0
!------------------------------------------------------------------------
!Customers: x,y,demand
802,540,20   1641,343,5   1184,667,26   942,312,28   1136,426,11   1212,394,11   962,605,16   463,582,13   491,462,25   675,621,26   1505,436,12   1719,382,10   378,359,25   843,452,14   625,721,19   1634,400,25   1057,607,29   768,507,10   1543,611,14   685,382,10   1027,322,17   816,578,7   727,698,8   1301,421,18   358,485,13   1767,538,18   310,555,15   693,574,18   878,305,18   976,524,23   920,554,13   1291,546,23   799,506,10   890,602,24   1746,558,19   1331,642,25   1567,456,27   1295,261,18   1304,310,5   681,714,14   809,607,16   725,388,8   103,632,4   1090,56,29   1906,663,25   408,559,23   387,541,25   138,358,12   1414,489,25   1645,614,3
!------------------------------------------------------------------------
!Recharging stations: x,y
300,0   1680,198   1105,702   1469,679   967,345   326,462   761,296   1152,234   351,436   675,802   1276,477   613,572   1479,418   544,246   1956,463   1135,317   504,633   604,809   1822,438   1035,378   916,153   270,616   1055,810   195,555   944,722

